!Keysight Technologies,P9373A,MY57211790,A.19.30.04
!Date: Friday, April 24, 2026 16:09:21
!Correction: S11(C  2-Port  ) 
!S21(C  2-Port  ) 
!S12(C  2-Port  ) 
!S22(C  2-Port  ) 
!S2P File: Measurements: S11, S21, S12, S22:
# Hz S  dB   R 50
100000000 -16.807364 -58.62788 19.759726 175.20044 -24.981981 1.8667194 -13.377789 32.534245
150000000 -18.62546 -59.132195 19.857363 165.99031 -25.001413 -6.0798054 -14.246801 7.6812863
200000000 -19.866934 -61.790154 19.917763 158.01793 -24.946697 -14.187197 -14.384155 -10.771109
250000000 -20.468731 -63.877728 19.946285 150.60709 -24.808918 -19.71629 -14.273217 -27.008951
300000000 -20.856461 -67.271072 19.964106 143.33456 -24.815069 -26.853271 -13.950167 -40.149071
350000000 -21.388498 -69.322647 19.983875 136.10507 -24.789961 -31.521553 -13.807464 -52.751976
400000000 -21.471949 -73.051506 19.984186 129.05609 -24.798388 -36.96183 -13.414762 -64.364166
450000000 -21.673906 -76.519157 19.970591 122.139 -24.844707 -42.398132 -13.150097 -74.091637
500000000 -21.597557 -80.165962 19.988556 115.15488 -24.618494 -47.293808 -12.796369 -84.573067
550000000 -21.699495 -82.690544 19.977692 108.19673 -24.832392 -53.349079 -12.559845 -93.255165
600000000 -21.545593 -85.424789 19.962812 101.31014 -24.847828 -58.495037 -12.172301 -103.14925
650000000 -21.247187 -88.877312 19.943254 94.483597 -24.84347 -63.727592 -11.890349 -110.76027
700000000 -20.988316 -91.2286 19.921827 87.539864 -24.851656 -69.301353 -11.630013 -118.65065
750000000 -20.789764 -94.822968 19.93453 80.75415 -24.964285 -74.399704 -11.316536 -126.71073
800000000 -20.452438 -96.777466 19.89744 73.79055 -24.824898 -79.768875 -11.092615 -134.44783
850000000 -19.760086 -100.25855 19.865084 67.115707 -24.964483 -84.882744 -10.772394 -141.13596
900000000 -19.565405 -103.50681 19.835285 60.214588 -24.919729 -90.439751 -10.689714 -148.17021
950000000 -18.85672 -106.70685 19.790514 53.476536 -24.936737 -94.846542 -10.416139 -155.36296
1000000000 -18.541639 -110.09775 19.766308 46.537354 -24.94182 -100.74944 -10.284019 -161.41907
1050000000 -17.997477 -113.74664 19.714636 39.64045 -24.974134 -104.69822 -10.143275 -169.00797
1100000000 -17.350784 -118.08378 19.662361 33.017258 -25.027729 -110.67253 -9.9324141 -174.15038
1150000000 -17.202026 -122.09287 19.650024 26.067217 -25.035278 -115.55963 -9.946003 178.93739
1200000000 -16.456696 -127.04295 19.593365 19.282131 -25.036394 -120.33044 -9.7327375 172.54205
1250000000 -16.189381 -131.8231 19.538324 12.566398 -25.101229 -125.48683 -9.7332458 167.17751
1300000000 -15.640947 -135.52209 19.479984 5.8092499 -25.184149 -131.24451 -9.6446676 159.79953
1350000000 -15.185663 -140.62717 19.421597 -0.9075346 -25.073412 -135.7547 -9.523962 155.12514
1400000000 -14.977262 -145.50943 19.360651 -7.7636805 -25.216745 -140.99442 -9.5906324 148.32237
1450000000 -14.365885 -150.98058 19.282015 -14.511312 -25.115152 -145.14415 -9.4345646 142.408
1500000000 -14.020959 -155.93106 19.226633 -21.238344 -25.316563 -151.38185 -9.5166998 137.58098
1550000000 -13.624188 -160.82228 19.12586 -28.064693 -25.248531 -155.88472 -9.3919792 130.46507
1600000000 -13.273578 -167.59734 19.054132 -34.641148 -25.386045 -160.25342 -9.3772364 126.18053
1650000000 -12.931395 -172.77623 18.976725 -41.491566 -25.484627 -165.72768 -9.4291496 119.46513
1700000000 -12.621763 -178.87448 18.879681 -48.057697 -25.556274 -170.36494 -9.2931566 114.38091
1750000000 -12.316404 175.81383 18.821775 -54.822769 -25.549995 -175.82684 -9.4105301 108.74104
1800000000 -12.047815 169.81142 18.707815 -61.351513 -25.675676 179.83133 -9.2877483 102.54086
1850000000 -11.776752 163.05016 18.632896 -68.075111 -25.826691 175.65549 -9.3581343 97.246742
1900000000 -11.556574 157.68536 18.536781 -74.666031 -25.761307 170.88228 -9.3556633 90.767113
1950000000 -11.393777 151.29407 18.444258 -81.25325 -25.771151 165.77695 -9.3387089 86.09491
2000000000 -11.170068 145.3705 18.341402 -87.791634 -25.897224 161.37114 -9.4281473 79.530907
2050000000 -10.961824 139.05444 18.235643 -94.275444 -25.9025 155.64723 -9.3146982 74.382446
2100000000 -10.881321 132.80241 18.156694 -100.91926 -26.026981 151.34152 -9.4391327 68.12104
2150000000 -10.70043 126.69721 18.025152 -107.30456 -26.067532 146.79091 -9.3491793 62.071556
2200000000 -10.665709 120.41819 17.946497 -113.70067 -25.906359 142.77115 -9.5563917 57.129532
2250000000 -10.591531 114.38593 17.827484 -120.24607 -25.973858 139.34242 -9.5440149 49.299698
2300000000 -10.535483 107.20812 17.725117 -126.59596 -26.264286 133.86212 -9.4332094 44.29771
2350000000 -10.525945 101.49387 17.634882 -133.03287 -26.062592 129.19237 -9.626338 37.131439
2400000000 -10.35411 95.15741 17.501232 -139.31212 -26.150469 123.94232 -9.4224176 31.907072
2450000000 -10.475428 88.62809 17.427973 -145.58153 -26.236446 120.12657 -9.6434832 25.364178
2500000000 -10.37276 82.977272 17.282799 -151.77374 -26.097994 116.37987 -9.5462694 18.384872
2550000000 -10.30858 76.016586 17.206034 -158.09709 -26.092829 111.42838 -9.5756397 13.361472
2600000000 -10.339815 69.597679 17.118446 -164.24123 -26.191776 106.44979 -9.5862474 4.8457251
2650000000 -10.197526 62.890648 17.010412 -170.40033 -26.100277 102.54108 -9.439085 -0.15060268
2700000000 -10.261149 56.462868 16.956505 -176.56514 -25.923471 98.543465 -9.6603813 -7.4115534
2750000000 -10.165339 49.453465 16.844328 177.30397 -26.051693 94.179276 -9.3958569 -14.043757
2800000000 -10.229608 42.082455 16.798117 171.19701 -26.0837 89.591232 -9.5128345 -20.283504
2850000000 -10.247375 35.970558 16.701178 165.1261 -25.923422 85.609428 -9.3548994 -28.320332
2900000000 -10.129849 28.523542 16.637108 159.0555 -25.922623 80.860794 -9.2417021 -33.430099
2950000000 -10.197165 21.601036 16.595356 152.83694 -25.759085 76.489952 -9.2848387 -41.529343
3000000000 -10.14517 14.015849 16.510521 146.92329 -25.845501 71.372368 -8.9588327 -47.82996
3050000000 -10.121463 6.9093895 16.50478 140.58226 -25.628223 67.122704 -9.0751524 -54.910332
3100000000 -10.123874 0.1938803 16.445646 134.57498 -25.656607 62.901424 -8.752553 -62.577469
3150000000 -10.053987 -7.5078783 16.415861 128.50558 -25.530293 59.266727 -8.7768116 -68.595367
3200000000 -10.066115 -14.543698 16.38365 122.30884 -25.403521 54.043064 -8.5271969 -76.82444
3250000000 -9.9641361 -22.404671 16.347183 116.32378 -25.18742 49.034836 -8.3178139 -82.47599
3300000000 -9.9906073 -29.529421 16.365236 109.8817 -25.128847 45.815685 -8.3322248 -90.846451
3350000000 -9.8538408 -36.627655 16.332878 103.97466 -24.973028 40.607872 -7.9247408 -97.423965
3400000000 -9.846324 -45.192009 16.346371 97.407852 -24.812656 35.020164 -7.9342222 -104.93259
3450000000 -9.7651873 -51.414268 16.355022 91.327888 -24.7383 31.353317 -7.5546241 -112.5573
3500000000 -9.5397091 -60.176201 16.356089 84.939705 -24.387079 25.308029 -7.4714179 -118.50631
3550000000 -9.6163034 -67.2705 16.365482 78.420731 -24.425562 20.956377 -7.2630024 -127.49213
3600000000 -9.3533773 -74.831932 16.381546 72.206711 -24.190634 15.704612 -6.9899721 -132.81323
3650000000 -9.3651934 -82.925659 16.430281 65.241829 -23.98632 10.681931 -6.9156699 -141.79491
3700000000 -9.1701965 -89.726944 16.432302 59.251625 -23.767843 5.3600259 -6.4840755 -147.8587
3750000000 -9.0558529 -98.686493 16.466936 52.0867 -23.702011 -0.80446386 -6.5632205 -155.60838
3800000000 -9.0247831 -105.57317 16.502075 45.389614 -23.398911 -6.1943755 -6.1450639 -163.77144
3850000000 -8.7515621 -113.37678 16.521402 38.738331 -23.281584 -11.245771 -6.1162705 -169.33366
3900000000 -8.7786322 -121.39839 16.531427 31.183294 -23.098881 -16.572733 -5.9978151 -179.22621
3950000000 -8.5677013 -127.99918 16.521709 24.854919 -22.985569 -22.106712 -5.7381425 175.52687
4000000000 -8.5249357 -136.84453 16.517466 17.229191 -22.681978 -28.632368 -5.8435626 166.48567
4050000000 -8.473114 -143.77711 16.52186 10.283015 -22.491302 -34.617641 -5.4418306 159.09381
4100000000 -8.4072742 -151.4696 16.483023 2.9974747 -22.626673 -40.466282 -5.7145557 152.02457
4150000000 -8.5676823 -159.9465 16.461407 -4.9906092 -22.323702 -48.561283 -5.4653349 141.49323
4200000000 -8.3867874 -166.20432 16.40863 -11.565222 -22.400509 -53.158772 -5.5007415 136.87431
4250000000 -8.5283642 -174.52019 16.320356 -19.7104 -22.16198 -59.461468 -5.6811719 126.44398
4300000000 -8.5643997 178.94492 16.240227 -26.838501 -22.155334 -65.861382 -5.4860964 119.91003
4350000000 -8.5846462 171.04951 16.141565 -34.238937 -21.929714 -72.11116 -5.8365955 111.87544
4400000000 -8.8781996 164.18695 15.993294 -42.20454 -21.986929 -78.863617 -5.7887897 102.42741
4450000000 -8.8745508 157.2139 15.886951 -49.056225 -21.899508 -84.159225 -6.034678 96.70047
4500000000 -9.3084888 150.44987 15.660634 -56.989841 -22.140232 -91.516739 -6.3594294 86.097839
4550000000 -9.4553337 143.60889 15.525307 -64.121834 -21.968328 -98.350357 -6.4288673 79.952881
4600000000 -9.8305807 137.82449 15.279037 -71.307579 -22.24942 -104.46372 -7.062881 70.680817
4650000000 -10.122698 131.07648 15.094848 -78.868713 -22.124514 -110.58969 -7.0380616 63.211529
4700000000 -10.33528 125.14953 14.91019 -85.507698 -22.256138 -116.71864 -7.7315764 55.640526
4750000000 -10.860112 119.95422 14.60036 -93.102478 -22.370247 -123.01244 -7.9192615 46.219456
4800000000 -11.19662 114.11916 14.435375 -99.48938 -22.35161 -128.93535 -8.4220543 39.692406
4850000000 -11.71166 109.94781 14.128086 -106.54384 -22.620567 -135.68378 -9.0128794 29.606358
4900000000 -12.046157 104.70089 13.946126 -113.20938 -22.516663 -140.78549 -9.2421427 23.154797
4950000000 -12.425832 99.106934 13.678893 -119.78889 -22.688845 -146.23677 -10.067008 13.130589
5000000000 -13.003028 96.237381 13.403708 -126.55691 -22.733294 -152.31744 -10.185998 4.9519372
5050000000 -13.383788 91.00985 13.235424 -132.62381 -22.768358 -157.56317 -11.12837 -3.7349234
5100000000 -13.951351 88.89447 12.887586 -139.30424 -23.01425 -163.6978 -11.314607 -14.208414
5150000000 -14.438601 86.300713 12.758663 -145.04178 -23.00087 -168.8786 -12.126695 -21.101452
5200000000 -14.964191 81.724281 12.424001 -151.60887 -23.15597 -173.83337 -12.526616 -33.734699
5250000000 -15.303837 81.957268 12.286285 -157.61633 -23.239927 -179.81282 -12.875672 -40.959328
5300000000 -15.886306 76.278458 12.065987 -163.75861 -23.19096 175.81497 -13.559126 -54.519337
5350000000 -16.362637 76.546829 11.816361 -169.78667 -23.363899 170.35555 -13.440394 -63.356739
5400000000 -16.786823 74.294632 11.6984 -175.72881 -23.211725 165.01624 -14.251341 -75.448494
5450000000 -17.338493 72.973022 11.393667 178.43097 -23.397511 159.77736 -13.767951 -87.462288
5500000000 -17.355564 73.609001 11.313299 172.29106 -23.348166 154.22452 -14.365081 -96.57724
5550000000 -18.026331 70.460434 11.07897 166.62267 -23.429457 149.11111 -13.980202 -111.04851
5600000000 -18.056705 71.433891 10.918309 160.55545 -23.47353 144.11856 -13.887479 -118.06694
5650000000 -18.362267 67.490372 10.793056 154.5415 -23.472181 138.48177 -13.873044 -133.04799
5700000000 -18.593355 69.484306 10.583264 149.08325 -23.554464 133.30907 -13.152711 -139.72018
5750000000 -18.672363 66.130508 10.508697 142.4464 -23.47411 128.42805 -13.335544 -150.93051
5800000000 -19.028463 66.434563 10.339408 137.43579 -23.464531 123.16651 -12.248496 -159.79422
5850000000 -18.638508 65.635628 10.240896 130.75279 -23.305147 116.71278 -12.391171 -168.26413
5900000000 -19.434481 63.525822 10.134405 125.39987 -23.387693 113.04881 -11.493247 -177.93303
5950000000 -19.398752 63.317017 9.9339428 119.43548 -23.391312 107.73176 -11.314948 177.73766
6000000000 -19.565172 60.489166 9.9117689 113.00005 -23.268948 102.22359 -10.93075 166.36194
6050000000 -19.718945 59.357468 9.7479162 107.74973 -23.412884 96.294777 -10.32455 162.10776
6100000000 -19.821295 55.387451 9.6517849 100.76251 -23.246923 91.288559 -10.311018 153.51411
6150000000 -20.414545 55.16552 9.5731106 95.502365 -23.317736 86.230858 -9.4607067 147.16432
6200000000 -20.33778 53.387012 9.413579 89.276428 -23.169624 80.562889 -9.5750389 141.8326
6250000000 -21.007517 49.786419 9.4024916 82.761993 -23.104979 75.000664 -8.9268093 132.4055
6300000000 -21.163015 49.653023 9.2166176 77.454491 -23.159979 69.831581 -8.775383 130.19624
6350000000 -21.814016 46.851429 9.1924582 70.362434 -23.015459 64.139481 -8.6250114 120.14666
6400000000 -22.643915 47.780651 9.0401764 65.278267 -23.110106 59.263741 -8.0883102 117.17888
6450000000 -23.008104 42.448429 8.9196472 58.440048 -22.973951 52.843052 -8.4214563 110.23105
6500000000 -24.436316 42.420063 8.890275 52.266701 -22.895489 46.474758 -7.7730784 103.04783
6550000000 -25.05044 43.16898 8.7151489 47.167522 -22.951067 41.339851 -8.027669 101.84113
6600000000 -27.419207 43.006149 8.6836367 39.631435 -22.825417 34.487724 -7.832437 91.884109
6650000000 -27.333931 56.476006 8.6393719 35.347214 -22.815384 31.808052 -7.4072371 92.051559
6700000000 -30.170471 63.415501 8.5344248 27.869967 -22.779333 25.10375 -7.7353387 84.346519
6750000000 -30.896477 88.335693 8.522584 22.11446 -22.668264 18.364174 -7.1253796 80.609161
6800000000 -30.322445 104.12144 8.4159603 16.382788 -22.650238 12.971024 -7.4617805 78.448662
6850000000 -27.903927 131.44069 8.3783998 8.3530664 -22.454834 5.1703906 -7.1037183 69.107132
6900000000 -25.589165 126.59798 8.3958807 3.8903575 -22.396074 1.7623802 -6.8091269 70.190414
6950000000 -22.868809 137.90199 8.2271376 -4.6286974 -22.410061 -7.4120102 -7.0988765 61.165115
7000000000 -21.261139 133.26225 8.3012257 -10.028763 -22.222631 -11.916362 -6.3367891 59.12175
7050000000 -19.434956 131.78856 8.158658 -16.662657 -22.347582 -17.602222 -6.7455339 55.181316
7100000000 -17.648365 129.51135 8.1408663 -24.567417 -22.133383 -25.670277 -6.1915603 47.357319
7150000000 -16.735859 124.50029 8.1028051 -29.462408 -22.165628 -30.0644 -6.1395473 48.194469
7200000000 -15.125374 120.67226 7.9323349 -38.47049 -22.158648 -38.274216 -6.2999558 37.943554
7250000000 -14.351739 114.87279 8.0132494 -43.878983 -22.056444 -42.280273 -5.6458764 36.975716
7300000000 -13.248857 110.98779 7.7671719 -51.391834 -22.078707 -49.990662 -6.1803575 31.407284
7350000000 -12.169373 105.77908 7.7475262 -59.191669 -21.88483 -58.157429 -5.5759997 24.737846
7400000000 -11.509719 100.07803 7.6939545 -64.607719 -21.999067 -62.949394 -5.7823052 24.367466
7450000000 -10.542994 94.579613 7.4415078 -73.902977 -21.911983 -72.028671 -5.7696619 14.433179
7500000000 -10.143617 88.853027 7.5247407 -79.534988 -21.836338 -75.711502 -5.309382 14.020347
7550000000 -9.3956833 82.803154 7.1679997 -87.973244 -22.037621 -83.742638 -5.8763041 5.9125834
7600000000 -8.6788435 76.775566 7.1789026 -95.452774 -21.924549 -92.177399 -5.2139211 1.1291475
7650000000 -8.2709675 71.109383 7.0047479 -101.61519 -22.054905 -98.088181 -5.5991001 -1.2900858
7700000000 -7.7252264 63.761715 6.6554985 -111.28361 -22.301115 -106.85451 -5.5044041 -11.282228
7750000000 -7.3970151 58.388264 6.7130103 -116.78002 -22.113749 -113.09657 -5.2963223 -11.277102
7800000000 -6.9715772 51.269459 6.2088232 -125.99191 -22.527149 -121.45848 -5.8130898 -20.97455
7850000000 -6.6958413 45.132305 6.1746788 -133.19176 -22.34824 -128.23253 -5.2964063 -24.041851
7900000000 -6.5050883 38.773861 5.8169231 -140.34734 -22.764881 -134.07259 -5.9167128 -29.028509
7950000000 -6.2662802 31.495157 5.390471 -149.47739 -23.032562 -143.1667 -5.7563806 -37.729202
8000000000 -6.1511979 25.796305 5.309309 -155.29854 -23.04689 -148.68556 -5.863194 -38.793274
8050000000 -6.0541348 18.424692 4.5854316 -164.30153 -23.569422 -158.24033 -6.3738413 -48.730705
8100000000 -6.0683355 12.563079 4.4857936 -171.17998 -23.794092 -163.25314 -6.1143942 -51.195297
8150000000 -5.9977818 6.3764086 3.9174142 -178.18063 -24.155071 -169.96535 -6.8986421 -57.563427
8200000000 -6.0731363 -0.22613078 3.4425929 173.77481 -24.350986 -179.07758 -6.6915755 -63.931721
8250000000 -6.0499187 -5.788084 3.2198515 167.95944 -24.341227 176.32301 -7.1383953 -66.14959
8300000000 -6.2927537 -12.291253 2.4187622 160.15036 -25.22234 168.96512 -7.5368104 -75.070236
8350000000 -6.4173913 -17.998373 2.2495449 153.84444 -25.399593 162.97659 -7.5414162 -76.675079
8400000000 -6.5983706 -23.801283 1.5271149 147.57491 -25.994699 156.83336 -8.359971 -84.255989
8450000000 -6.7732463 -29.625774 1.1073544 140.28188 -26.132484 150.11353 -8.1660881 -88.219933
8500000000 -7.0119257 -34.568375 0.68630725 135.33279 -26.583735 145.01732 -8.9249525 -92.02951
8550000000 -7.346827 -39.931713 -0.083619699 128.60959 -27.269066 139.24373 -9.1217241 -99.284584
8600000000 -7.5165939 -45.011757 -0.29220921 123.09447 -27.199814 133.84505 -9.3790998 -100.75666
8650000000 -7.7615395 -50.003155 -1.0357114 117.65911 -27.73797 128.32251 -10.039982 -108.60492
8700000000 -8.1080751 -54.843781 -1.4119463 111.37264 -28.005899 122.35365 -9.9836254 -111.29867
8750000000 -8.4198418 -59.403481 -1.8946843 107.24162 -28.375248 118.05079 -10.828341 -116.49055
8800000000 -8.7346849 -63.41666 -2.5139034 101.31431 -29.067595 112.60589 -10.848991 -121.98489
8850000000 -8.9693327 -67.713783 -2.6676216 96.607895 -29.134684 107.13273 -11.390075 -124.23335
8900000000 -9.313077 -71.94944 -3.4254739 91.544624 -29.694078 102.37035 -11.801442 -132.05518
8950000000 -9.5472507 -75.992439 -3.6279759 86.0392 -29.699287 98.598885 -11.884586 -133.15028
9000000000 -9.8063278 -80.548447 -4.1470675 81.757988 -30.269379 94.051491 -12.658877 -140.43155
9050000000 -10.159453 -84.519958 -4.6728444 75.98909 -30.773252 88.579208 -12.570136 -144.06923
9100000000 -10.421097 -88.731216 -4.9011278 72.141808 -30.675632 85.999176 -13.339809 -147.98195
9150000000 -10.771231 -92.860985 -5.6314282 67.065582 -31.447191 81.383339 -13.404037 -154.9162
9200000000 -11.076347 -96.827225 -5.7703748 62.399597 -31.453167 77.888199 -13.839112 -156.42621
9250000000 -11.363285 -101.062 -6.3811717 58.506641 -31.789783 73.970276 -14.246551 -165.08258
9300000000 -11.709208 -104.91891 -6.7140236 53.292355 -32.056931 68.090477 -14.285161 -166.81239
9350000000 -11.98779 -108.95731 -7.0311437 50.084572 -32.207119 65.871033 -15.047505 -173.92181
9400000000 -12.331485 -112.92905 -7.6170053 45.077374 -32.658661 60.261898 -14.866982 -178.56485
9450000000 -12.685226 -116.7677 -7.6573753 41.34771 -32.569794 56.646191 -15.599434 177.84067
9500000000 -12.994692 -121.0423 -8.2956572 37.477333 -33.112598 53.798248 -15.562963 169.42198
9550000000 -13.332601 -124.8786 -8.4525795 32.676136 -33.052185 48.543823 -15.877463 168.47731
9600000000 -13.645363 -128.90697 -8.7905674 29.743624 -33.461807 46.000565 -16.283239 158.75336
9650000000 -14.042115 -132.74107 -9.2406054 25.111883 -33.589954 39.675854 -16.071632 156.75327
9700000000 -14.309167 -136.84828 -9.2623549 21.569038 -33.699841 37.610958 -16.77943 149.64905
9750000000 -14.715223 -140.81342 -9.833602 17.939663 -33.995644 33.888397 -16.38586 143.81293
9800000000 -15.07213 -144.88902 -9.8256912 13.384245 -33.905251 29.682545 -16.931416 140.72633
9850000000 -15.434405 -148.79135 -10.257482 10.519479 -34.359921 24.919518 -16.780907 130.7108
9900000000 -15.845357 -152.43839 -10.494562 5.7696786 -34.350056 20.854052 -16.824106 129.99973
9950000000 -16.224369 -155.9969 -10.544791 2.6403816 -34.285744 16.250389 -17.098984 119.66096
10000000000 -16.499731 -159.05122 -11.012155 -0.9670583 -34.872154 12.805128 -16.652365 117.76857
